1247
1256
1261
1265
1270
1274
1280
1285
1288
1291
1291
1295
1296
1299
1302
1306
1308
1311
1311
1311
1312
1313
1314
1314
1317
1318
1321
1322
1322
1323
1323
1324
1326
1327
1327
1328
1329
1331
1331
1332
1332
1333
1333
1335
1335
1335
1336
1338
1339
1339
1340
1340
1341
1341
1343
1343
1343
1344
1345
1349
1349
1349
1349
1351
1353
1353
1353
1354
1354
1354
1355
1356
1356
1358
1359
1360
1361
1363
1363
1363
1364
1365
1365
1367
1369
1370
1371
1372
1372
1372
1372
1372
1373
1373
1374
1374
1375
1376
1377
1378
1378
1378
1379
1379
1380
1382
1383
1383
1383
1386
1388
1388
1388
1388
1389
1390
1390
1391
1391
1392
1394
1394
1396
1398
1398
1399
1401
1401
1401
1403
1403
1404
1405
1407
1407
1407
1410
1410
1410
1410
1412
1413
1413
1413
1414
1418
1419
1420
1420
1420
1423
1423
1423
1424
1426
1427
1432
1433
1433
1435
1436
1436
1438
1439
1439
1445
1446
1446
1447
1448
1448
1449
1449
1450
1451
1452
1452
1453
1453
1455
1455
1456
1456
1456
1458
1458
1459
1462
1462
1464
1465
1465
1467
1472
1473
1474
1476
1479
1479
1480
1481
1484
1485
1487
1489
1490
1492
1493
1494
1496
1499
1500
1500
1502
1502
1503
1503
1504
1505
1506
1507
1508
1509
1510
1513
1514
1516
1517
1517
1519
1519
1521
1523
1527
1531
1533
1537
1539
1540
1544
1545
1546
1549
1549
1556
1559
1560
1566
1566
1568
1575
1577
1580
1581
1584
1592
1596
1599
1602
1603
1607
1614
1616
1618
1618
1619
1619
1628
1631
1632
1634
1641
1645
1646
1648
1652
1655
1674
1677
1684
1686
1699
1699
1699
1700
1704
1707
1710
1717
1722
1725
1725
1732
1735
1742
1745
1762
1763
1764
1769
1777
1786
1788
1798
1804
1807
1814
1815
1815
1820
1833
1840
1844
1852
1853
1860
1866
1869
1870
1878
1882
1892
1916
1939
1946
1961
1972
1972
1995
1997
2008
2020
2024
2025
2029
2072
2078
2079
2082
2095
2114
2122
2130
2141
2173
2188
2195
2214
2225
2277
2284
2375
2396
2418
2512
2615
2670
2712
2823
3035
