345
345
347
347
353
354
360
360
362
364
365
367
367
368
368
369
369
369
370
370
372
372
373
373
374
376
376
378
379
379
379
380
380
380
380
381
381
381
383
384
384
384
384
386
387
387
387
388
388
388
389
389
389
389
389
390
391
391
391
392
392
392
394
395
395
396
396
397
397
397
397
398
398
398
398
399
399
399
399
399
400
400
400
400
400
400
401
401
401
402
402
402
402
403
403
403
403
404
404
404
404
404
405
405
405
405
405
406
406
406
406
406
406
406
407
407
407
407
407
407
407
407
407
408
408
408
408
409
409
409
409
409
410
410
410
410
410
410
411
411
411
411
412
412
412
412
413
413
413
413
413
413
413
413
414
414
414
414
414
414
414
415
415
415
415
415
415
416
416
416
416
418
418
418
418
419
419
419
419
419
419
419
420
420
420
420
420
420
420
420
421
421
421
421
421
421
421
422
422
422
422
422
422
422
423
423
423
423
423
423
424
424
424
424
424
424
424
424
424
424
425
425
425
425
425
425
425
425
426
426
426
426
426
426
426
426
426
426
426
427
427
427
427
427
427
427
427
427
428
428
428
429
429
429
429
429
429
430
430
430
430
430
430
430
430
430
431
431
431
431
431
431
432
432
432
432
432
432
432
432
432
432
433
433
433
433
433
433
433
433
433
433
433
433
433
433
433
433
434
434
434
434
434
434
434
435
435
435
435
435
435
436
436
436
436
436
436
436
436
436
436
436
437
437
437
437
437
437
437
437
437
437
437
437
437
438
438
438
438
438
438
438
438
438
438
438
438
439
439
439
439
439
439
439
439
439
440
440
440
440
440
440
440
440
441
441
441
441
441
441
441
442
442
442
442
442
442
442
442
442
442
442
442
442
442
443
443
443
443
443
443
443
443
443
443
443
443
444
444
444
444
444
444
444
444
444
444
444
444
444
445
445
445
445
445
445
445
445
445
446
446
446
446
446
446
446
446
446
446
446
446
447
447
447
447
447
447
447
447
447
448
448
448
448
448
448
448
448
448
448
448
448
448
449
449
449
449
449
449
449
449
449
449
449
450
450
450
450
450
450
450
450
450
450
450
450
450
450
451
451
451
451
451
451
451
451
451
451
451
451
451
451
451
451
451
452
452
452
452
452
452
452
452
453
453
453
453
453
453
453
453
453
453
453
453
453
453
454
454
454
454
454
454
454
454
454
454
454
454
454
454
454
454
454
455
455
455
455
455
455
455
455
455
455
456
456
456
456
456
456
456
456
456
456
457
457
457
457
457
457
457
457
457
457
457
457
457
457
458
458
458
458
458
458
458
458
458
458
458
458
458
458
459
459
459
459
459
459
459
459
459
459
459
459
459
459
459
459
459
459
460
460
460
460
460
460
460
460
460
460
460
460
461
461
461
461
461
461
461
461
461
461
461
461
461
461
461
461
461
461
461
461
461
461
461
461
461
462
462
462
462
462
462
462
462
462
462
462
462
462
462
462
462
462
462
462
462
462
462
463
463
463
463
463
463
463
463
463
463
463
463
463
464
464
464
464
464
464
464
464
464
464
464
465
465
465
465
465
465
465
465
465
465
465
465
466
466
466
466
466
466
466
466
466
466
466
466
467
467
467
467
467
467
467
467
467
467
467
467
467
467
467
468
468
468
468
468
468
468
468
468
468
468
468
468
468
468
468
469
469
469
469
469
469
469
469
469
469
469
469
469
469
469
470
470
470
470
470
470
470
470
470
470
470
470
470
470
470
470
470
470
470
470
470
470
470
471
471
471
471
471
471
471
471
471
471
471
471
471
471
472
472
472
472
472
472
472
472
472
472
472
472
473
473
473
473
473
473
473
473
473
473
473
473
473
473
473
473
473
473
473
474
474
474
474
474
474
474
474
474
474
474
474
475
475
475
475
475
475
475
475
475
475
475
475
475
476
476
476
476
476
476
476
476
476
476
476
476
476
476
476
476
476
477
477
477
477
477
477
477
477
477
477
478
478
478
478
478
478
478
478
479
479
479
479
479
479
479
479
479
480
480
480
480
480
480
480
480
480
480
480
480
480
480
480
480
480
481
481
481
481
481
481
481
481
481
481
481
481
481
481
481
481
481
481
481
482
482
482
482
482
482
482
482
482
482
482
482
482
482
482
482
482
483
483
483
483
483
483
483
483
483
483
483
483
484
484
484
484
484
484
484
484
484
484
484
484
484
484
484
484
484
485
485
485
485
485
485
485
485
485
485
485
485
485
485
486
486
486
486
486
486
486
486
486
486
486
486
486
486
486
486
486
486
486
486
486
487
487
487
487
487
487
487
487
487
488
488
488
488
488
488
488
489
489
489
489
489
489
489
489
489
489
489
489
489
489
489
489
489
489
489
489
489
489
489
490
490
490
490
490
490
490
490
490
490
490
490
490
490
490
491
491
491
491
491
491
491
491
491
491
491
491
491
491
491
491
491
491
492
492
492
492
492
492
492
492
492
492
493
493
493
493
493
493
493
493
493
493
493
493
493
493
493
493
494
494
494
494
494
494
494
494
494
494
494
494
494
494
494
494
494
495
495
495
495
495
495
495
495
495
495
495
495
495
495
495
496
496
496
496
496
496
496
496
496
497
497
497
497
497
497
497
497
497
497
497
497
498
498
498
498
498
498
498
498
498
498
498
498
498
498
498
499
499
499
499
499
499
499
499
499
499
499
499
499
499
499
500
500
500
500
500
500
500
500
500
500
501
501
501
501
501
501
501
502
502
502
502
502
502
502
502
502
502
502
502
503
503
503
503
503
503
503
503
503
503
503
503
503
503
504
504
504
504
504
504
504
504
504
504
504
505
505
505
505
505
505
505
505
505
506
506
506
506
506
507
507
507
507
507
507
507
507
507
507
507
508
508
508
508
508
508
508
508
508
508
508
508
508
508
508
509
509
509
509
509
509
509
509
509
509
509
509
509
510
510
510
510
510
510
510
510
510
511
511
511
511
511
511
511
511
511
511
511
511
512
512
512
512
512
512
512
512
512
512
512
512
512
513
513
513
513
513
513
513
513
513
513
513
513
513
513
514
514
514
514
514
514
514
514
514
514
514
514
515
515
515
515
515
515
515
515
515
515
515
515
515
516
516
516
516
516
516
516
516
516
516
516
516
516
516
517
517
517
517
517
517
517
517
517
517
517
517
517
517
518
518
518
518
518
518
518
518
518
518
518
518
519
519
519
519
519
519
519
519
519
519
519
519
519
520
520
520
520
520
520
520
520
520
520
520
520
520
520
521
521
521
521
521
521
521
522
522
522
522
522
522
522
522
522
522
522
522
522
523
523
523
523
523
523
523
523
523
523
523
523
523
523
524
524
524
524
524
524
524
524
524
524
524
524
524
525
525
525
525
525
525
525
525
525
526
526
526
526
526
526
527
527
527
527
527
527
527
527
527
527
528
528
528
528
528
528
528
528
528
528
529
529
529
529
529
529
529
529
529
529
529
529
529
530
530
530
530
530
530
530
530
530
530
530
530
530
530
531
531
531
531
531
531
531
531
531
531
531
531
531
531
531
532
532
532
532
532
532
532
532
532
532
532
532
532
533
533
533
533
533
533
533
533
533
533
533
533
533
533
534
534
534
534
534
534
534
535
535
535
535
535
535
535
535
535
535
535
535
535
535
535
535
535
535
535
536
536
536
536
536
536
536
536
536
536
536
536
536
536
536
536
536
537
537
537
537
537
537
537
537
537
537
537
538
538
538
538
538
538
538
538
539
539
539
539
539
539
539
539
539
539
539
539
539
540
540
540
540
540
540
540
540
540
540
540
540
540
540
540
540
540
540
541
541
541
541
541
541
541
541
541
541
541
541
541
541
541
541
542
542
542
542
542
542
542
543
543
543
543
543
543
543
543
543
544
544
544
544
544
544
544
544
544
544
545
545
545
545
545
545
545
545
545
545
545
545
546
546
546
546
546
546
546
546
546
546
546
547
547
547
547
547
547
547
548
548
548
548
548
548
548
548
548
548
548
548
548
549
549
549
549
549
549
549
549
549
549
549
549
549
549
550
550
550
550
550
550
550
550
550
550
550
550
550
550
550
550
550
551
551
551
551
551
551
551
551
551
551
551
551
551
551
552
552
552
552
552
552
552
552
552
552
553
553
553
553
553
554
554
554
554
554
554
554
554
554
554
555
555
555
555
555
555
555
555
555
555
556
556
556
556
556
556
556
556
556
557
557
557
557
557
557
557
557
557
558
558
558
558
558
558
558
558
558
558
558
558
558
558
558
558
558
558
558
559
559
559
559
559
559
560
560
560
560
560
560
560
560
560
560
561
561
561
561
561
561
561
561
561
562
562
562
562
562
562
563
563
563
563
563
563
563
563
563
564
564
564
564
564
564
564
564
564
565
565
565
565
565
565
565
565
566
566
566
566
566
566
566
566
566
566
566
566
566
567
567
567
567
567
567
567
568
568
568
568
568
568
568
568
568
568
569
569
569
569
569
569
569
569
569
569
569
569
569
569
570
570
570
570
570
570
570
570
571
571
571
571
571
571
571
571
571
571
571
571
571
571
572
572
572
573
573
573
573
573
573
574
574
574
574
574
574
574
574
574
574
574
574
575
575
575
575
575
575
576
576
576
576
576
576
576
576
576
576
576
576
577
577
577
577
577
577
577
577
577
578
578
578
578
578
578
578
578
578
578
578
578
578
578
579
579
579
579
579
579
579
579
579
579
579
579
579
579
579
579
579
579
580
580
580
580
580
580
580
580
580
580
580
580
581
581
581
581
581
581
581
581
582
582
582
582
582
582
582
582
582
582
582
582
583
583
583
583
583
583
583
584
584
584
584
584
584
584
584
585
585
585
585
585
585
585
585
585
585
585
585
585
586
586
586
586
587
587
587
587
587
588
588
588
588
588
588
588
588
588
588
588
588
588
588
589
589
589
589
589
589
589
589
589
589
589
590
590
590
590
590
590
590
590
590
590
590
590
590
590
590
590
590
591
591
591
591
591
591
591
591
591
591
591
592
592
592
592
592
592
592
592
592
592
592
593
593
593
593
593
593
593
593
593
593
593
593
593
594
594
594
594
594
594
594
594
595
595
595
595
595
595
595
595
595
595
595
595
595
595
595
596
596
596
596
596
596
597
597
597
597
597
597
597
597
597
597
597
597
598
598
598
598
598
598
598
598
598
598
599
599
599
599
599
599
599
600
600
600
600
600
600
600
600
600
600
600
600
600
600
601
601
601
601
602
602
602
602
602
602
603
603
603
603
603
603
603
603
603
603
603
603
603
603
603
603
603
603
604
604
604
604
604
604
604
604
604
604
605
605
605
605
605
605
605
605
605
605
605
606
606
606
606
606
606
607
607
607
607
607
607
607
607
607
607
607
607
607
607
607
608
608
608
608
608
608
608
608
608
608
608
608
609
609
609
609
609
609
609
609
610
610
610
610
610
610
610
610
610
610
610
610
611
611
611
611
611
611
611
611
611
611
611
612
612
612
612
612
612
612
612
612
612
613
613
613
613
613
613
613
614
614
614
614
614
614
614
614
615
615
615
615
615
615
615
615
615
616
616
616
616
616
616
616
616
616
616
617
617
617
617
617
617
617
617
617
617
617
618
618
618
618
618
618
619
619
619
619
620
620
620
620
620
620
620
620
620
620
620
620
620
621
621
621
621
621
621
621
621
621
621
622
622
622
623
623
623
623
623
623
623
623
624
624
624
624
624
624
624
624
624
624
624
625
625
625
625
625
626
626
626
626
626
626
626
627
627
627
627
627
627
627
627
627
627
627
627
627
627
627
628
628
628
628
628
628
628
628
629
629
629
629
629
629
629
629
630
630
630
630
630
630
630
630
630
630
630
630
631
631
631
631
631
631
631
631
631
632
632
632
632
632
632
632
632
632
632
632
633
633
633
633
633
633
633
633
633
633
633
634
634
634
634
634
634
634
634
634
634
634
634
635
635
635
635
635
635
636
636
636
636
636
636
636
636
636
636
637
637
637
637
637
637
637
637
637
637
637
638
638
639
639
639
640
640
640
640
640
641
641
641
641
641
641
641
641
641
642
642
642
642
642
642
642
642
642
642
643
643
643
643
643
643
643
643
643
643
644
644
644
644
644
644
644
644
644
644
644
644
645
645
645
645
645
645
645
645
645
645
645
645
645
646
646
646
646
646
646
646
646
646
647
647
647
647
647
647
647
647
648
648
648
648
648
649
649
649
649
649
649
650
650
650
650
650
650
650
650
650
650
651
651
651
651
652
652
652
652
652
652
652
652
652
652
652
653
653
653
653
653
653
653
654
654
654
654
654
654
654
654
655
655
655
655
655
655
656
656
656
656
656
656
656
656
656
657
657
657
658
658
658
658
658
658
658
658
659
659
659
659
659
659
660
660
660
660
660
660
660
661
661
661
661
661
662
662
662
663
663
663
663
663
663
663
664
664
664
664
664
664
664
665
665
665
665
665
665
665
666
666
666
666
666
666
666
667
667
667
667
668
668
668
669
669
669
669
669
669
670
670
670
670
670
670
670
670
670
671
671
671
671
671
672
672
672
672
672
672
672
673
673
673
673
674
674
674
674
675
675
675
675
675
675
675
675
675
675
675
675
675
676
676
676
677
677
678
678
678
679
679
679
679
679
679
679
679
679
680
680
680
680
680
680
681
681
681
681
682
682
682
682
682
682
683
683
683
683
683
683
683
684
684
684
684
684
685
685
685
686
686
686
686
686
687
687
687
687
687
688
688
688
688
688
688
688
689
689
689
689
689
689
689
691
691
691
691
691
691
691
691
691
691
692
692
693
693
693
693
693
694
694
694
694
695
695
695
695
695
695
696
696
696
696
696
696
696
696
696
697
697
697
697
697
698
698
698
698
699
699
699
699
700
700
700
700
701
702
703
703
703
703
704
704
704
704
705
706
706
706
706
707
707
707
707
707
708
708
708
709
709
709
709
709
709
710
711
711
711
711
711
711
711
712
712
712
713
713
714
714
714
714
714
715
715
715
715
715
716
716
716
717
717
718
718
718
719
719
719
719
720
720
720
720
721
721
721
721
722
722
722
722
722
722
723
723
723
723
723
723
724
724
724
724
724
725
725
725
725
726
726
726
727
727
728
728
728
728
728
729
729
729
729
730
730
730
730
730
731
731
731
731
733
733
733
734
734
735
736
736
737
737
737
737
737
737
737
737
737
738
738
738
738
738
739
740
741
741
741
741
741
742
742
742
742
742
743
743
743
743
744
744
744
744
744
744
745
746
746
747
747
747
747
748
748
748
749
749
749
749
750
750
750
750
751
751
751
751
752
752
752
752
752
753
753
753
754
754
754
754
754
755
755
755
755
756
756
756
757
757
758
758
758
758
758
758
758
759
759
759
760
760
760
760
760
761
761
761
761
761
762
762
762
762
763
764
764
766
766
766
766
767
767
767
767
768
769
769
769
769
769
769
769
770
770
770
771
771
771
772
773
773
773
775
775
775
776
776
776
776
776
777
778
778
778
778
778
779
780
780
781
781
781
782
783
783
783
783
783
784
784
784
784
785
785
786
786
786
786
786
787
787
788
789
789
789
789
789
790
790
790
790
790
790
791
791
791
792
792
793
793
794
794
795
796
796
796
796
797
797
797
797
798
798
798
798
799
799
799
799
799
800
800
800
800
800
800
800
801
801
801
801
801
802
802
803
803
804
804
804
805
805
806
806
806
806
807
808
808
808
808
809
810
810
810
810
810
810
811
811
812
812
812
812
813
813
814
814
814
814
815
815
815
815
816
816
816
816
817
820
820
821
822
822
823
823
823
823
824
824
824
824
825
825
825
826
826
827
827
827
829
829
829
830
832
833
833
833
834
834
834
834
835
836
836
836
836
836
836
837
837
838
838
838
838
838
838
839
840
840
840
840
841
841
841
841
841
842
842
843
843
844
844
844
845
845
845
846
847
847
848
849
849
850
850
851
851
851
851
852
853
854
854
855
855
855
855
856
856
856
857
857
857
857
858
858
858
858
858
859
860
861
861
862
863
863
864
864
866
866
867
867
867
867
868
868
869
869
870
870
870
870
871
872
872
872
873
873
873
873
874
874
875
875
876
876
877
880
880
880
881
881
881
881
882
882
883
883
884
884
884
884
886
886
886
887
887
887
888
888
889
889
890
890
890
891
891
891
892
894
894
895
895
895
896
897
897
897
898
899
901
901
901
901
902
902
902
902
902
903
903
904
904
905
905
906
906
907
907
907
908
908
911
911
911
912
913
914
916
917
918
918
919
920
920
920
921
921
921
922
922
922
924
924
924
924
924
925
925
926
926
926
926
926
927
927
927
927
928
928
928
929
930
930
931
932
933
933
934
934
935
938
938
938
938
939
939
940
941
942
942
943
944
945
945
946
947
947
948
951
952
953
953
953
953
954
955
955
955
956
956
956
957
957
957
957
957
958
959
960
961
961
961
962
962
964
964
965
965
965
966
966
967
969
969
971
972
975
976
976
976
976
977
977
977
979
979
979
980
981
982
982
983
983
984
985
985
987
987
988
988
988
991
992
992
992
992
992
992
992
993
995
995
995
995
996
997
999
999
1000
1001
1002
1002
1002
1002
1003
1003
1004
1004
1004
1005
1005
1005
1006
1006
1008
1009
1010
1011
1013
1015
1015
1016
1017
1018
1019
1020
1020
1021
1021
1022
1023
1024
1025
1025
1025
1027
1029
1030
1030
1031
1031
1033
1033
1034
1034
1034
1035
1038
1038
1039
1039
1039
1040
1042
1042
1044
1045
1046
1047
1047
1048
1048
1051
1051
1052
1053
1057
1058
1061
1063
1063
1064
1064
1064
1065
1066
1066
1066
1067
1068
1068
1068
1068
1069
1069
1070
1070
1070
1071
1072
1073
1073
1073
1076
1076
1078
1079
1079
1079
1081
1081
1082
1082
1082
1083
1084
1085
1085
1085
1086
1088
1089
1092
1093
1093
1094
1095
1095
1096
1096
1096
1096
1098
1099
1099
1099
1100
1101
1102
1102
1103
1104
1106
1106
1107
1110
1113
1114
1115
1117
1118
1118
1120
1123
1123
1124
1124
1125
1127
1130
1131
1132
1132
1135
1135
1139
1139
1140
1141
1142
1143
1143
1144
1146
1146
1147
1147
1150
1151
1151
1151
1151
1152
1154
1156
1159
1159
1161
1163
1164
1164
1164
1167
1167
1168
1168
1169
1170
1173
1174
1175
1175
1176
1180
1181
1183
1184
1184
1185
1187
1187
1188
1188
1188
1189
1189
1189
1193
1194
1198
1198
1198
1199
1199
1199
1200
1201
1204
1204
1205
1206
1206
1208
1209
1209
1210
1214
1215
1215
1219
1219
1219
1222
1222
1223
1223
1223
1226
1226
1230
1232
1234
1236
1237
1239
1240
1243
1244
1247
1249
1249
1253
1253
1255
1256
1260
1263
1264
1264
1268
1270
1270
1272
1272
1273
1274
1275
1276
1277
1281
1282
1283
1284
1285
1289
1291
1294
1294
1294
1296
1296
1296
1297
1297
1299
1301
1301
1302
1306
1306
1307
1308
1314
1318
1319
1320
1320
1322
1323
1324
1324
1325
1326
1327
1328
1329
1330
1330
1331
1332
1337
1337
1340
1340
1340
1342
1343
1344
1345
1346
1347
1349
1350
1353
1356
1357
1358
1358
1359
1360
1360
1362
1364
1366
1370
1371
1374
1374
1376
1377
1378
1380
1383
1388
1389
1389
1389
1393
1393
1394
1397
1400
1400
1409
1410
1410
1412
1413
1413
1415
1417
1418
1420
1420
1420
1421
1421
1421
1424
1424
1424
1425
1426
1426
1428
1431
1432
1433
1435
1435
1436
1436
1438
1439
1440
1441
1441
1443
1444
1446
1446
1448
1448
1449
1449
1450
1451
1451
1452
1454
1455
1457
1457
1458
1459
1461
1463
1464
1465
1466
1469
1471
1474
1475
1476
1476
1478
1478
1479
1480
1481
1481
1482
1482
1483
1483
1484
1484
1485
1487
1487
1488
1488
1490
1490
1492
1493
1493
1494
1495
1496
1499
1500
1504
1506
1506
1508
1509
1509
1510
1510
1514
1514
1516
1516
1518
1523
1524
1529
1529
1529
1532
1535
1535
1535
1537
1538
1541
1541
1545
1551
1552
1553
1554
1557
1562
1563
1565
1566
1567
1568
1569
1570
1571
1574
1575
1575
1575
1576
1577
1578
1582
1584
1586
1589
1590
1597
1607
1610
1615
1617
1619
1624
1631
1635
1638
1642
1643
1646
1646
1663
1663
1664
1671
1680
1683
1688
1692
1693
1695
1697
1697
1702
1703
1706
1717
1720
1726
1727
1728
1731
1732
1733
1734
1734
1734
1735
1737
1742
1743
1743
1743
1744
1745
1745
1749
1752
1753
1753
1754
1754
1755
1755
1756
1756
1757
1759
1761
1762
1762
1762
1764
1764
1765
1765
1766
1767
1767
1768
1768
1768
1769
1769
1769
1771
1773
1774
1774
1774
1775
1775
1776
1777
1777
1777
1777
1777
1778
1778
1778
1779
1779
1779
1780
1780
1781
1781
1781
1781
1781
1782
1782
1782
1783
1783
1783
1783
1783
1783
1784
1784
1785
1785
1785
1786
1786
1786
1787
1787
1787
1787
1787
1788
1788
1788
1788
1788
1788
1789
1789
1789
1789
1790
1791
1791
1791
1791
1792
1793
1793
1793
1793
1794
1794
1795
1795
1795
1795
1796
1796
1796
1796
1797
1797
1797
1797
1798
1798
1798
1798
1798
1799
1799
1799
1799
1799
1800
1800
1800
1800
1800
1801
1801
1802
1802
1802
1802
1802
1803
1803
1803
1803
1803
1803
1804
1804
1805
1805
1805
1805
1805
1805
1806
1806
1806
1807
1807
1807
1807
1807
1807
1808
1808
1808
1808
1808
1808
1808
1808
1808
1808
1809
1809
1809
1809
1809
1810
1810
1810
1810
1810
1811
1811
1811
1811
1811
1811
1812
1812
1812
1812
1812
1812
1812
1812
1813
1813
1813
1813
1813
1814
1814
1814
1815
1815
1815
1816
1816
1816
1816
1816
1816
1817
1817
1817
1817
1818
1818
1818
1818
1818
1819
1819
1819
1819
1819
1820
1820
1821
1821
1821
1821
1821
1821
1821
1821
1821
1821
1821
1821
1822
1822
1822
1823
1823
1823
1823
1823
1823
1823
1823
1823
1823
1824
1824
1824
1824
1824
1824
1824
1824
1824
1825
1825
1825
1825
1825
1826
1826
1826
1826
1827
1827
1827
1827
1827
1828
1828
1828
1828
1828
1828
1828
1829
1829
1829
1829
1829
1829
1829
1829
1829
1829
1829
1829
1829
1830
1830
1830
1830
1831
1831
1831
1831
1831
1831
1831
1831
1831
1831
1832
1832
1832
1832
1832
1832
1832
1833
1833
1833
1833
1833
1833
1833
1833
1833
1833
1833
1834
1834
1834
1834
1834
1834
1834
1835
1835
1835
1835
1835
1835
1836
1836
1836
1837
1837
1837
1837
1837
1838
1838
1839
1839
1839
1839
1839
1839
1839
1839
1839
1839
1840
1840
1840
1840
1840
1841
1841
1841
1841
1841
1841
1842
1842
1842
1842
1842
1842
1842
1842
1843
1843
1843
1843
1843
1843
1843
1844
1844
1844
1844
1844
1845
1845
1845
1845
1845
1845
1846
1846
1846
1846
1846
1846
1846
1846
1846
1847
1847
1847
1847
1847
1847
1847
1847
1847
1847
1847
1847
1848
1848
1848
1848
1848
1848
1849
1849
1849
1849
1849
1849
1849
1850
1850
1850
1850
1850
1850
1850
1850
1850
1850
1850
1851
1851
1851
1852
1852
1852
1852
1852
1852
1853
1853
1853
1853
1853
1853
1853
1853
1853
1854
1854
1854
1854
1854
1854
1854
1854
1855
1855
1855
1855
1855
1856
1856
1856
1856
1856
1856
1856
1857
1857
1857
1858
1858
1858
1858
1858
1858
1858
1859
1859
1859
1859
1859
1860
1860
1860
1860
1861
1861
1862
1862
1862
1862
1862
1862
1862
1862
1862
1862
1862
1862
1863
1863
1863
1863
1863
1864
1864
1864
1864
1864
1864
1864
1865
1865
1865
1865
1865
1866
1866
1866
1866
1866
1866
1867
1867
1867
1867
1867
1867
1867
1868
1868
1868
1868
1868
1868
1868
1868
1868
1869
1869
1869
1869
1869
1869
1869
1870
1870
1870
1870
1870
1870
1871
1871
1871
1871
1871
1871
1871
1871
1871
1872
1872
1872
1872
1872
1873
1873
1873
1873
1873
1873
1873
1874
1874
1874
1874
1874
1874
1875
1875
1875
1875
1875
1875
1875
1875
1875
1876
1876
1876
1876
1877
1877
1877
1877
1878
1878
1878
1878
1878
1879
1880
1880
1880
1880
1881
1881
1881
1881
1881
1881
1882
1882
1882
1882
1882
1882
1883
1883
1883
1883
1883
1883
1883
1884
1884
1884
1885
1885
1885
1886
1886
1886
1886
1886
1887
1887
1887
1887
1887
1887
1887
1887
1887
1887
1887
1888
1888
1888
1888
1888
1888
1889
1889
1889
1889
1889
1889
1889
1890
1890
1890
1890
1890
1890
1890
1890
1890
1891
1891
1891
1891
1891
1892
1892
1892
1892
1892
1893
1893
1893
1893
1893
1893
1894
1894
1894
1894
1894
1895
1895
1895
1895
1895
1895
1895
1895
1895
1896
1896
1896
1896
1896
1896
1896
1896
1896
1897
1897
1897
1897
1897
1897
1897
1897
1898
1898
1898
1898
1898
1898
1898
1898
1898
1898
1899
1899
1899
1899
1899
1899
1900
1900
1900
1900
1900
1900
1901
1901
1901
1901
1901
1901
1901
1901
1901
1902
1902
1902
1902
1902
1902
1902
1902
1903
1903
1903
1904
1904
1904
1904
1904
1905
1905
1905
1905
1905
1906
1907
1907
1908
1908
1909
1909
1909
1909
1909
1909
1909
1910
1910
1910
1910
1911
1911
1911
1912
1912
1912
1912
1912
1913
1913
1913
1913
1913
1913
1913
1913
1913
1914
1914
1914
1915
1915
1915
1915
1915
1915
1915
1915
1915
1916
1916
1916
1916
1916
1916
1917
1917
1917
1917
1917
1917
1917
1918
1918
1918
1918
1918
1918
1918
1918
1918
1919
1919
1919
1919
1919
1919
1919
1920
1920
1920
1920
1920
1921
1921
1921
1921
1921
1922
1922
1922
1922
1922
1922
1922
1922
1923
1923
1923
1923
1923
1923
1923
1923
1924
1924
1924
1924
1924
1924
1924
1925
1925
1926
1926
1926
1926
1926
1926
1927
1927
1927
1927
1928
1928
1928
1928
1928
1928
1928
1928
1929
1929
1929
1929
1929
1929
1930
1930
1930
1930
1931
1931
1931
1931
1931
1931
1932
1932
1932
1932
1932
1932
1932
1932
1933
1933
1933
1934
1934
1934
1934
1934
1934
1935
1935
1935
1935
1935
1935
1935
1936
1936
1936
1936
1936
1936
1936
1936
1936
1936
1936
1937
1937
1937
1938
1938
1938
1938
1938
1938
1938
1939
1939
1939
1939
1939
1939
1939
1939
1940
1940
1940
1940
1940
1940
1940
1940
1940
1941
1941
1941
1941
1941
1941
1942
1942
1942
1943
1943
1943
1943
1944
1944
1944
1944
1945
1945
1945
1945
1946
1946
1946
1946
1946
1946
1947
1947
1947
1947
1947
1947
1947
1947
1947
1948
1948
1948
1948
1948
1948
1948
1949
1949
1949
1949
1950
1950
1950
1950
1951
1951
1951
1951
1951
1951
1951
1951
1952
1952
1952
1952
1952
1953
1953
1953
1953
1953
1953
1953
1953
1954
1955
1955
1956
1956
1956
1956
1956
1956
1956
1957
1957
1957
1957
1957
1958
1959
1959
1959
1959
1959
1959
1959
1959
1959
1960
1960
1960
1961
1961
1961
1961
1961
1961
1961
1961
1961
1961
1962
1962
1962
1962
1962
1963
1963
1963
1963
1963
1963
1963
1963
1963
1964
1964
1964
1964
1965
1965
1965
1965
1965
1965
1965
1965
1966
1966
1966
1966
1966
1966
1966
1966
1966
1966
1967
1967
1967
1967
1967
1967
1968
1968
1969
1969
1969
1969
1970
1970
1971
1971
1972
1972
1972
1972
1972
1973
1973
1973
1973
1973
1973
1974
1974
1974
1975
1975
1975
1976
1977
1977
1977
1978
1978
1979
1979
1979
1979
1979
1979
1979
1979
1980
1980
1980
1980
1980
1980
1980
1980
1980
1980
1980
1981
1981
1981
1981
1981
1982
1982
1982
1983
1983
1984
1984
1984
1984
1984
1985
1985
1985
1985
1985
1985
1985
1985
1986
1986
1986
1986
1986
1987
1987
1987
1987
1987
1988
1988
1988
1988
1988
1988
1988
1989
1989
1989
1989
1989
1989
1989
1989
1989
1989
1990
1990
1990
1990
1991
1991
1991
1992
1992
1992
1993
1993
1993
1993
1993
1994
1994
1994
1994
1994
1996
1996
1996
1996
1996
1996
1996
1996
1997
1997
1997
1997
1997
1998
1998
1998
1998
1999
1999
1999
1999
1999
2000
2000
2001
2001
2001
2001
2002
2002
2002
2003
2003
2003
2004
2004
2005
2005
2005
2005
2006
2006
2006
2007
2007
2007
2008
2008
2008
2008
2009
2009
2010
2010
2010
2010
2010
2011
2012
2012
2013
2013
2013
2014
2015
2015
2015
2016
2017
2017
2017
2017
2017
2018
2018
2018
2018
2020
2020
2020
2021
2021
2021
2021
2022
2022
2023
2023
2023
2023
2024
2025
2025
2026
2026
2027
2027
2027
2028
2028
2028
2028
2029
2029
2029
2029
2029
2030
2031
2031
2031
2031
2031
2032
2032
2032
2032
2032
2033
2033
2033
2033
2033
2034
2034
2034
2034
2034
2034
2034
2036
2037
2037
2038
2038
2039
2039
2039
2039
2039
2040
2040
2042
2043
2043
2043
2043
2043
2044
2045
2045
2046
2046
2047
2050
2050
2051
2052
2052
2052
2052
2052
2053
2053
2054
2054
2055
2055
2055
2056
2056
2056
2057
2057
2058
2058
2058
2059
2059
2059
2060
2060
2060
2060
2060
2061
2061
2061
2061
2062
2063
2063
2064
2066
2067
2068
2069
2070
2071
2071
2071
2072
2072
2073
2073
2073
2074
2074
2074
2075
2075
2076
2077
2077
2077
2077
2078
2078
2078
2078
2079
2080
2080
2081
2081
2082
2082
2082
2083
2083
2083
2084
2084
2085
2085
2086
2086
2086
2087
2087
2087
2087
2087
2088
2088
2088
2089
2090
2090
2091
2091
2092
2092
2092
2093
2094
2094
2095
2096
2096
2096
2096
2096
2096
2097
2097
2098
2098
2098
2099
2100
2100
2100
2100
2103
2103
2105
2106
2107
2108
2109
2110
2111
2111
2113
2113
2114
2114
2114
2115
2116
2117
2117
2117
2118
2119
2120
2120
2120
2121
2121
2122
2123
2123
2124
2124
2125
2125
2126
2126
2128
2129
2129
2133
2133
2135
2135
2135
2136
2136
2136
2137
2138
2139
2139
2139
2140
2141
2143
2144
2144
2144
2146
2146
2146
2148
2149
2149
2149
2149
2150
2151
2151
2152
2152
2154
2155
2156
2156
2157
2158
2159
2160
2160
2161
2161
2161
2161
2161
2162
2162
2163
2164
2166
2166
2166
2167
2168
2169
2170
2170
2171
2171
2172
2172
2177
2177
2177
2177
2178
2179
2179
2180
2181
2182
2183
2184
2184
2185
2186
2187
2188
2191
2192
2192
2193
2195
2195
2196
2196
2197
2198
2199
2199
2199
2199
2200
2201
2201
2202
2202
2202
2202
2204
2205
2207
2207
2207
2208
2208
2208
2211
2212
2212
2213
2214
2215
2215
2216
2216
2216
2217
2218
2219
2219
2221
2221
2221
2222
2222
2225
2225
2226
2227
2227
2227
2227
2227
2229
2230
2230
2231
2231
2232
2234
2234
2236
2236
2237
2238
2240
2241
2243
2244
2245
2245
2246
2247
2248
2249
2249
2250
2251
2252
2252
2252
2254
2255
2256
2256
2257
2257
2257
2260
2261
2262
2264
2265
2265
2266
2266
2267
2268
2268
2270
2270
2271
2272
2272
2272
2272
2274
2274
2275
2276
2277
2281
2282
2282
2283
2284
2284
2285
2286
2288
2288
2290
2290
2292
2294
2294
2296
2297
2298
2300
2300
2302
2303
2305
2305
2306
2307
2307
2308
2309
2312
2312
2312
2313
2314
2315
2315
2315
2316
2316
2319
2320
2321
2321
2321
2323
2327
2328
2329
2329
2329
2330
2331
2332
2333
2335
2335
2340
2340
2341
2344
2345
2347
2347
2348
2348
2348
2350
2350
2351
2353
2358
2364
2364
2366
2366
2366
2366
2367
2368
2370
2371
2377
2378
2379
2379
2381
2382
2382
2383
2385
2385
2385
2387
2388
2389
2390
2390
2393
2393
2393
2394
2398
2400
2400
2401
2403
2404
2405
2406
2408
2408
2409
2410
2410
2414
2416
2417
2417
2418
2419
2419
2421
2423
2427
2429
2431
2431
2431
2432
2433
2434
2435
2436
2437
2437
2438
2439
2444
2445
2446
2446
2447
2450
2451
2453
2455
2457
2459
2460
2463
2465
2465
2472
2475
2477
2477
2478
2479
2482
2485
2486
2487
2489
2490
2500
2503
2503
2505
2505
2508
2508
2515
2515
2521
2521
2530
2531
2533
2533
2534
2538
2543
2548
2550
2550
2551
2556
2557
2559
2560
2560
2562
2563
2568
2576
2578
2580
2582
2585
2587
2589
2591
2593
2595
2595
2599
2605
2606
2607
2614
2620
2622
2625
2626
2629
2634
2634
2641
2642
2643
2644
2646
2647
2652
2658
2662
2675
2687
2700
2702
2704
2705
2714
2719
2730
2730
2739
2741
2742
2743
2744
2744
2745
2745
2746
2747
2747
2747
2749
2750
2752
2760
2765
2779
2779
2783
2787
2790
2799
2805
2812
2815
2818
2829
2835
2837
2840
2842
2848
2856
2858
2865
2867
2871
2873
2882
2888
2889
2891
2896
2897
2899
2901
2904
2914
2920
2931
2932
2935
2941
2961
2962
2963
2990
3001
3007
3029
3041
3058
3063
3069
3071
3073
3085
3089
3101
3109
3118
3124
3165
3186
3206
3213
3224
3330
3368
3386
3417
3432
3456
3466
3480
3486
3490
3515
3559
3603
3673
3682
3760
3819
3842
4137
4177
4386
4472
4630
4727
4764
4910
5013
5156
5168
5413
5457
5713
6766
7501
11572
17497
